[gd_scene load_steps=14 format=2]

[ext_resource path="res://src/entities/kinematic_entities/AbstractKinematicEntity.tscn" type="PackedScene" id=1]
[ext_resource path="res://src/entities/characters/RiderNew.tscn" type="PackedScene" id=2]
[ext_resource path="res://src/animation_temp.tres" type="AnimationNodeBlendTree" id=3]
[ext_resource path="res://src/entities/kinematic_entities/player/Player.gd" type="Script" id=4]
[ext_resource path="res://src/states/RollState.gd" type="Script" id=5]
[ext_resource path="res://src/states/RunState.gd" type="Script" id=6]
[ext_resource path="res://src/states/GreatSwordSlash.gd" type="Script" id=7]
[ext_resource path="res://src/states/IdleState.gd" type="Script" id=8]
[ext_resource path="res://src/states/WalkState.gd" type="Script" id=9]
[ext_resource path="res://src/states/GreatSwordHigh.gd" type="Script" id=10]
[ext_resource path="res://src/states/GreatSwordJump.gd" type="Script" id=11]
[ext_resource path="res://src/attributes/Damagable.tscn" type="PackedScene" id=12]

[sub_resource type="CapsuleShape" id=1]
height = 1.6

[node name="Player" instance=ExtResource( 1 )]
collision_layer = 7
script = ExtResource( 4 )

[node name="CollisionShape" parent="." index="0"]
transform = Transform( 1, 0, 0, 0, -4.37114e-08, 1, 0, -1, -4.37114e-08, 0, 1.8, 0 )
shape = SubResource( 1 )

[node name="RiderNew" parent="Character" index="0" instance=ExtResource( 2 )]

[node name="Root" parent="Character/RiderNew" index="0"]
transform = Transform( 0.732254, -0.678598, -0.0575264, 0.00155517, 0.0861354, -0.996282, 0.68103, 0.729442, 0.0641283, -0.0596415, -0.0554122, 0 )

[node name="RightHand" parent="Character/RiderNew/Root/Skeleton" index="1"]
transform = Transform( 0.828372, 0.218143, -0.515958, -0.54783, 0.507795, -0.664851, 0.116968, 0.833401, 0.540149, -0.404971, 0.0343904, -0.869535 )

[node name="LeftHand" parent="Character/RiderNew/Root/Skeleton" index="2"]
transform = Transform( 0.720107, 0.506765, 0.473958, 0.0235135, 0.664855, -0.746602, -0.693464, 0.548778, 0.466851, 0.388003, -0.0629702, -0.874292 )

[node name="AnimationTree" type="AnimationTree" parent="Character" index="1"]
tree_root = ExtResource( 3 )
anim_player = NodePath("../RiderNew/AnimationPlayer")
active = true
parameters/TimeScale/scale = 1.0
"parameters/TimeScale 10/scale" = 1.0
"parameters/TimeScale 11/scale" = 1.0
"parameters/TimeScale 12/scale" = 1.0
"parameters/TimeScale 13/scale" = 1.0
"parameters/TimeScale 14/scale" = 1.5
"parameters/TimeScale 15/scale" = 1.5
"parameters/TimeScale 16/scale" = 1.5
"parameters/TimeScale 17/scale" = 1.0
"parameters/TimeScale 18/scale" = 1.0
"parameters/TimeScale 19/scale" = 1.0
"parameters/TimeScale 2/scale" = 1.0
"parameters/TimeScale 20/scale" = 1.0
"parameters/TimeScale 21/scale" = 1.7
"parameters/TimeScale 3/scale" = 1.0
"parameters/TimeScale 4/scale" = 1.0
"parameters/TimeScale 5/scale" = 1.0
"parameters/TimeScale 6/scale" = 1.0
"parameters/TimeScale 7/scale" = 1.0
"parameters/TimeScale 8/scale" = 1.0
"parameters/TimeScale 9/scale" = 1.0
parameters/bow_fire/active = false
parameters/state/current = 0

[node name="IdleState" type="Node" parent="States" index="0"]
script = ExtResource( 8 )

[node name="WalkState" type="Node" parent="States" index="1"]
script = ExtResource( 9 )

[node name="RunState" type="Node" parent="States" index="2"]
script = ExtResource( 6 )

[node name="RollState" type="Node" parent="States" index="3"]
script = ExtResource( 5 )

[node name="GreatSwordSlash" type="Node" parent="States" index="4"]
script = ExtResource( 7 )

[node name="GreatSwordHigh" type="Node" parent="States" index="5"]
script = ExtResource( 10 )

[node name="GreatSwordJump" type="Node" parent="States" index="6"]
script = ExtResource( 11 )

[node name="Damagable" parent="Attributes" index="0" instance=ExtResource( 12 )]

[editable path="Character/RiderNew"]
