[gd_scene load_steps=11 format=2]

[ext_resource path="res://src/entities/kinematic_entities/AbstractKinematicEntity.tscn" type="PackedScene" id=1]
[ext_resource path="res://src/entities/characters/RiderNew.tscn" type="PackedScene" id=2]
[ext_resource path="res://src/animation_temp.tres" type="AnimationNodeBlendTree" id=3]
[ext_resource path="res://src/entities/kinematic_entities/player/Player.gd" type="Script" id=4]
[ext_resource path="res://src/states/RollState.gd" type="Script" id=5]
[ext_resource path="res://src/states/RunState.gd" type="Script" id=6]
[ext_resource path="res://src/states/GreatSwordAttack.gd" type="Script" id=7]
[ext_resource path="res://src/states/IdleState.gd" type="Script" id=8]
[ext_resource path="res://src/states/WalkState.gd" type="Script" id=9]

[sub_resource type="CapsuleShape" id=1]
height = 1.6

[node name="Player" instance=ExtResource( 1 )]
collision_layer = 7
script = ExtResource( 4 )

[node name="CollisionShape" parent="." index="0"]
transform = Transform( 1, 0, 0, 0, -4.37114e-08, 1, 0, -1, -4.37114e-08, 0, 1.8, 0 )
shape = SubResource( 1 )

[node name="RiderNew" parent="Character" index="0" instance=ExtResource( 2 )]

[node name="Root" parent="Character/RiderNew" index="0"]
transform = Transform( 0.729531, -0.681962, -0.052078, 0.00218502, 0.0784668, -0.996914, 0.683944, 0.727166, 0.0587341, -0.0554298, -0.0598223, 0 )

[node name="RightHand" parent="Character/RiderNew/Root/Skeleton" index="1"]
transform = Transform( 0.818268, 0.167843, -0.549786, -0.544878, 0.5312, -0.648795, 0.18315, 0.830455, 0.526118, -0.416965, 0.0418999, -0.863255 )

[node name="LeftHand" parent="Character/RiderNew/Root/Skeleton" index="2"]
transform = Transform( 0.66393, 0.590238, 0.459147, -0.00934613, 0.620503, -0.784148, -0.747736, 0.516328, 0.417487, 0.374602, -0.0677505, -0.853232 )

[node name="AnimationTree" type="AnimationTree" parent="Character" index="1"]
tree_root = ExtResource( 3 )
anim_player = NodePath("../RiderNew/AnimationPlayer")
active = true
parameters/TimeScale/scale = 1.0
"parameters/TimeScale 10/scale" = 1.0
"parameters/TimeScale 11/scale" = 1.0
"parameters/TimeScale 12/scale" = 1.0
"parameters/TimeScale 13/scale" = 1.0
"parameters/TimeScale 14/scale" = 1.0
"parameters/TimeScale 15/scale" = 1.0
"parameters/TimeScale 16/scale" = 1.0
"parameters/TimeScale 17/scale" = 1.0
"parameters/TimeScale 18/scale" = 1.0
"parameters/TimeScale 19/scale" = 1.0
"parameters/TimeScale 2/scale" = 1.0
"parameters/TimeScale 20/scale" = 1.0
"parameters/TimeScale 21/scale" = 1.0
"parameters/TimeScale 3/scale" = 1.0
"parameters/TimeScale 4/scale" = 1.0
"parameters/TimeScale 5/scale" = 1.0
"parameters/TimeScale 6/scale" = 1.0
"parameters/TimeScale 7/scale" = 1.0
"parameters/TimeScale 8/scale" = 1.0
"parameters/TimeScale 9/scale" = 1.0
parameters/bow_fire/active = false
parameters/state/current = 0

[node name="IdleState" type="Node" parent="States" index="0"]
script = ExtResource( 8 )

[node name="WalkState" type="Node" parent="States" index="1"]
script = ExtResource( 9 )

[node name="RunState" type="Node" parent="States" index="2"]
script = ExtResource( 6 )

[node name="RollState" type="Node" parent="States" index="3"]
script = ExtResource( 5 )

[node name="GreatSwordAttack" type="Node" parent="States" index="4"]
script = ExtResource( 7 )

[editable path="Character/RiderNew"]
