[gd_scene load_steps=22 format=2]

[ext_resource path="res://assets/tiles/grid_tiles.meshlib" type="MeshLibrary" id=1]
[ext_resource path="res://src/PlayerCharacter.tscn" type="PackedScene" id=2]
[ext_resource path="res://src/Camera.gd" type="Script" id=3]
[ext_resource path="res://assets/materials/water.material" type="Material" id=4]
[ext_resource path="res://src/enemies/Dummy.tscn" type="PackedScene" id=5]
[ext_resource path="res://src/Level.gd" type="Script" id=6]
[ext_resource path="res://src/Debug.gd" type="Script" id=7]
[ext_resource path="res://src/CommandLine.gd" type="Script" id=8]
[ext_resource path="res://src/world_objects/houses/FarmHouse01.tscn" type="PackedScene" id=9]
[ext_resource path="res://src/world_objects/trees/GenericTree01.tscn" type="PackedScene" id=10]
[ext_resource path="res://assets/models/synys/generics/trees/SM_Generic_Tree_01.obj" type="ArrayMesh" id=11]
[ext_resource path="res://assets/materials/01_A.material" type="Material" id=12]
[ext_resource path="res://addons/zylann.scatter/scatter3d.gd" type="Script" id=13]
[ext_resource path="res://src/world_objects/trees/GenericTree02.tscn" type="PackedScene" id=14]
[ext_resource path="res://assets/models/synys/generics/trees/SM_Generic_Tree_02.obj" type="ArrayMesh" id=15]

[sub_resource type="ProceduralSky" id=1]
sky_top_color = Color( 0.431373, 0.760784, 0.937255, 1 )
sky_horizon_color = Color( 0.733333, 0.882353, 1, 1 )
ground_bottom_color = Color( 0.733333, 0.882353, 1, 1 )
ground_horizon_color = Color( 0.733333, 0.882353, 1, 1 )

[sub_resource type="Environment" id=2]
background_mode = 2
background_sky = SubResource( 1 )
fog_color = Color( 0.733333, 0.882353, 1, 1 )
fog_depth_begin = 50.0
fog_depth_end = 120.0

[sub_resource type="PlaneMesh" id=3]
material = ExtResource( 4 )
size = Vector2( 200, 200 )
subdivide_width = 400
subdivide_depth = 400

[sub_resource type="SpatialMaterial" id=4]
albedo_color = Color( 0.278431, 0.403922, 0.278431, 1 )

[sub_resource type="PlaneMesh" id=5]
material = SubResource( 4 )
size = Vector2( 100, 100 )

[sub_resource type="ConcavePolygonShape" id=6]
data = PoolVector3Array( 50, 0, 50, -50, 0, 50, 50, 0, -50, -50, 0, 50, -50, 0, -50, 50, 0, -50 )

[node name="TestWorld" type="Spatial"]

[node name="ScatterContainer" type="Spatial" parent="."]

[node name="Level" type="GridMap" parent="."]
visible = false
mesh_library = ExtResource( 1 )
data = {
"cells": PoolIntArray( 2, 0, 1, 3, 0, 0, 4, 0, 0, 5, 0, 0, 6, 0, 1, 7, 0, 1, 65529, 0, 1, 65530, 0, 1, 65531, 0, 1, 65532, 0, 0, 65533, 0, 0, 65534, 0, 1, 0, 1, 1, 2, 1, 1, 3, 1, 0, 4, 1, 0, 5, 1, 1, 6, 1, 1, 65529, 1, 1, 65530, 1, 1, 65531, 1, 1, 65532, 1, 0, 65533, 1, 0, 65534, 1, 1, 65535, 1, 1, 0, 2, 1, 1, 2, 1, 2, 2, 0, 3, 2, 0, 4, 2, 0, 5, 2, 1, 6, 2, 1, 65529, 2, 1, 65530, 2, 1, 65531, 2, 1, 65532, 2, 0, 65533, 2, 0, 65534, 2, 0, 65535, 2, 0, 0, 3, 0, 1, 3, 0, 2, 3, 0, 3, 3, 0, 4, 3, 1, 5, 3, 1, 65529, 3, 1, 65530, 3, 1, 65531, 3, 1, 65532, 3, 1, 65533, 3, 0, 65534, 3, 0, 65535, 3, 0, 0, 4, 0, 1, 4, 0, 2, 4, 1, 3, 4, 1, 4, 4, 1, 65530, 4, 1, 65531, 4, 1, 65532, 4, 1, 65533, 4, 1, 65534, 4, 0, 65535, 4, 0, 0, 5, 1, 1, 5, 1, 2, 5, 1, 65530, 5, 1, 65531, 5, 1, 65532, 5, 1, 65533, 5, 1, 65534, 5, 1, 65535, 5, 1, 65534, 65520, 1, 65535, 65520, 1, 0, 65521, 1, 1, 65521, 1, 2, 65521, 1, 65530, 65521, 1, 65531, 65521, 1, 65532, 65521, 1, 65533, 65521, 1, 65534, 65521, 1, 65535, 65521, 1, 0, 65522, 1, 1, 65522, 1, 2, 65522, 1, 3, 65522, 1, 65528, 65522, 1, 65529, 65522, 1, 65530, 65522, 1, 65531, 65522, 1, 65532, 65522, 1, 65533, 65522, 1, 65534, 65522, 1, 65535, 65522, 1, 0, 65523, 0, 1, 65523, 1, 2, 65523, 1, 3, 65523, 1, 4, 65523, 1, 5, 65523, 1, 65528, 65523, 1, 65529, 65523, 1, 65530, 65523, 0, 65531, 65523, 0, 65532, 65523, 0, 65533, 65523, 0, 65534, 65523, 0, 65535, 65523, 0, 0, 65524, 0, 1, 65524, 0, 2, 65524, 0, 3, 65524, 0, 4, 65524, 1, 5, 65524, 1, 6, 65524, 1, 7, 65524, 1, 65527, 65524, 1, 65528, 65524, 1, 65529, 65524, 0, 65530, 65524, 0, 65531, 65524, 0, 65532, 65524, 0, 65533, 65524, 0, 65534, 65524, 0, 65535, 65524, 0, 0, 65525, 0, 1, 65525, 0, 2, 65525, 0, 3, 65525, 0, 4, 65525, 0, 5, 65525, 0, 6, 65525, 1, 7, 65525, 1, 8, 65525, 1, 9, 65525, 1, 65526, 65525, 1, 65527, 65525, 1, 65528, 65525, 0, 65529, 65525, 0, 65530, 65525, 0, 65531, 65525, 0, 65532, 65525, 0, 65533, 65525, 0, 65534, 65525, 0, 65535, 65525, 0, 0, 65526, 0, 1, 65526, 0, 2, 65526, 0, 3, 65526, 0, 4, 65526, 0, 5, 65526, 0, 6, 65526, 0, 7, 65526, 1, 8, 65526, 1, 9, 65526, 1, 10, 65526, 1, 65526, 65526, 1, 65527, 65526, 1, 65528, 65526, 0, 65529, 65526, 0, 65530, 65526, 0, 65531, 65526, 0, 65532, 65526, 0, 65533, 65526, 0, 65534, 65526, 0, 65535, 65526, 0, 0, 65527, 0, 1, 65527, 0, 2, 65527, 0, 3, 65527, 0, 4, 65527, 0, 5, 65527, 0, 6, 65527, 0, 7, 65527, 0, 8, 65527, 0, 9, 65527, 1, 10, 65527, 1, 65526, 65527, 1, 65527, 65527, 1, 65528, 65527, 0, 65529, 65527, 0, 65530, 65527, 0, 65531, 65527, 0, 65532, 65527, 0, 65533, 65527, 0, 65534, 65527, 0, 65535, 65527, 0, 0, 65528, 0, 1, 65528, 0, 2, 65528, 0, 3, 65528, 0, 4, 65528, 0, 5, 65528, 0, 6, 65528, 0, 7, 65528, 0, 8, 65528, 0, 9, 65528, 0, 10, 65528, 1, 11, 65528, 1, 65526, 65528, 1, 65527, 65528, 1, 65528, 65528, 0, 65529, 65528, 0, 65530, 65528, 0, 65531, 65528, 0, 65532, 65528, 0, 65533, 65528, 0, 65534, 65528, 0, 65535, 65528, 0, 0, 65529, 0, 1, 65529, 0, 2, 65529, 0, 3, 65529, 0, 4, 65529, 0, 5, 65529, 0, 6, 65529, 0, 7, 65529, 0, 8, 65529, 0, 9, 65529, 0, 10, 65529, 1, 11, 65529, 1, 65526, 65529, 1, 65527, 65529, 1, 65528, 65529, 0, 65529, 65529, 0, 65530, 65529, 0, 65531, 65529, 0, 65532, 65529, 0, 65533, 65529, 0, 65534, 65529, 0, 65535, 65529, 0, 0, 65530, 0, 1, 65530, 0, 2, 65530, 0, 3, 65530, 0, 4, 65530, 0, 5, 65530, 0, 6, 65530, 0, 7, 65530, 0, 8, 65530, 0, 9, 65530, 0, 10, 65530, 1, 11, 65530, 1, 65526, 65530, 1, 65527, 65530, 1, 65528, 65530, 0, 65529, 65530, 0, 65530, 65530, 0, 65531, 65530, 0, 65532, 65530, 1, 65533, 65530, 1, 65534, 65530, 1, 65535, 65530, 1, 0, 65531, 0, 1, 65531, 0, 2, 65531, 0, 3, 65531, 0, 4, 65531, 0, 5, 65531, 0, 6, 65531, 0, 7, 65531, 0, 8, 65531, 0, 9, 65531, 0, 10, 65531, 1, 65526, 65531, 1, 65527, 65531, 1, 65528, 65531, 0, 65529, 65531, 0, 65530, 65531, 1, 65531, 65531, 1, 65532, 65531, 1, 65533, 65531, 1, 65534, 65531, 1, 65535, 65531, 0, 0, 65532, 0, 1, 65532, 0, 2, 65532, 0, 3, 65532, 0, 4, 65532, 0, 5, 65532, 0, 6, 65532, 0, 7, 65532, 0, 8, 65532, 0, 9, 65532, 0, 10, 65532, 1, 65527, 65532, 1, 65528, 65532, 1, 65529, 65532, 0, 65530, 65532, 1, 65531, 65532, 1, 65532, 65532, 1, 65533, 65532, 1, 65534, 65532, 0, 65535, 65532, 0, 0, 65533, 0, 1, 65533, 0, 2, 65533, 0, 3, 65533, 0, 4, 65533, 0, 5, 65533, 1, 6, 65533, 1, 7, 65533, 0, 8, 65533, 0, 9, 65533, 1, 10, 65533, 1, 65528, 65533, 1, 65529, 65533, 1, 65530, 65533, 1, 65531, 65533, 1, 65532, 65533, 1, 65533, 65533, 0, 65534, 65533, 0, 65535, 65533, 0, 0, 65534, 1, 1, 65534, 1, 2, 65534, 1, 3, 65534, 0, 4, 65534, 0, 5, 65534, 0, 6, 65534, 0, 7, 65534, 0, 8, 65534, 1, 9, 65534, 1, 65528, 65534, 1, 65529, 65534, 1, 65530, 65534, 1, 65531, 65534, 1, 65532, 65534, 1, 65533, 65534, 0, 65534, 65534, 0, 65535, 65534, 0, 2, 65535, 1, 3, 65535, 0, 4, 65535, 0, 5, 65535, 0, 6, 65535, 1, 7, 65535, 1, 65529, 65535, 1, 65530, 65535, 1, 65531, 65535, 1, 65532, 65535, 0, 65533, 65535, 0, 65534, 65535, 1, 65535, 65535, 1 )
}
script = ExtResource( 6 )
__meta__ = {
"_editor_clip_": 0
}

[node name="Camera" type="Camera" parent="."]
transform = Transform( 1, 0, 0, 0, 0.707107, 0.707107, 0, -0.707107, 0.707107, 0, 4, 7 )
current = true
script = ExtResource( 3 )

[node name="WorldEnvironment" type="WorldEnvironment" parent="."]
environment = SubResource( 2 )

[node name="DirectionalLight" type="DirectionalLight" parent="."]
transform = Transform( 0.5, -0.612373, 0.612373, 0, 0.707107, 0.707107, -0.866025, -0.353553, 0.353553, 0, 11, 0 )
shadow_enabled = true

[node name="Water" type="MeshInstance" parent="."]
transform = Transform( 1, 0, 0, 0, 1, 0, 0, 0, 1, 0, 1, 0 )
visible = false
mesh = SubResource( 3 )
material/0 = null

[node name="PlayerCharacter" parent="." instance=ExtResource( 2 )]
transform = Transform( 1, 0, 0, 0, 1, 0, 0, 0, 1, -9, 0, 10 )

[node name="Dummy" parent="." instance=ExtResource( 5 )]
transform = Transform( 1, 0, 0, 0, 1, 0, 0, 0, 1, -16, 0, 13 )

[node name="Debug" type="Control" parent="."]
anchor_right = 1.0
anchor_bottom = 1.0
script = ExtResource( 7 )
__meta__ = {
"_edit_use_anchors_": false
}

[node name="CommandLine" type="TextEdit" parent="Debug"]
visible = false
anchor_top = 1.0
anchor_right = 1.0
anchor_bottom = 1.0
margin_top = -66.0
show_line_numbers = true
script = ExtResource( 8 )
__meta__ = {
"_edit_use_anchors_": false
}

[node name="PanelContainer" type="PanelContainer" parent="Debug"]
margin_right = 40.0
margin_bottom = 14.0
__meta__ = {
"_edit_use_anchors_": false
}

[node name="PerformancePanel" type="VBoxContainer" parent="Debug/PanelContainer"]
margin_left = 7.0
margin_top = 7.0
margin_right = 161.0
margin_bottom = 93.0
__meta__ = {
"_edit_use_anchors_": false
}

[node name="FPS" type="Label" parent="Debug/PanelContainer/PerformancePanel"]
margin_right = 154.0
margin_bottom = 14.0
text = "FPS: 0"

[node name="DrawCalls" type="Label" parent="Debug/PanelContainer/PerformancePanel"]
margin_top = 18.0
margin_right = 154.0
margin_bottom = 32.0
text = "DrawCalls: 0"

[node name="TimeProcess" type="Label" parent="Debug/PanelContainer/PerformancePanel"]
margin_top = 36.0
margin_right = 154.0
margin_bottom = 50.0
text = "Time Process: 0"

[node name="TimePhysicsProcess" type="Label" parent="Debug/PanelContainer/PerformancePanel"]
margin_top = 54.0
margin_right = 154.0
margin_bottom = 68.0
text = "Time Physics Process: 0"

[node name="MaterialChanges" type="Label" parent="Debug/PanelContainer/PerformancePanel"]
margin_top = 72.0
margin_right = 154.0
margin_bottom = 86.0
text = "MaterialChanges: 0"

[node name="FarmHouse01" parent="." instance=ExtResource( 9 )]
transform = Transform( 1, 0, 0, 0, 1, 0, 0, 0, 1, -10, 0, -1 )

[node name="FarmHouse02" parent="." instance=ExtResource( 9 )]
transform = Transform( 0.5, 0, -0.866025, 0, 1, 0, 0.866025, 0, 0.5, 10, 0, 7 )

[node name="Ground" type="MeshInstance" parent="."]
transform = Transform( 1, 0, 0, 0, 1, 0, 0, 0, 1, 1, 0, 1 )
mesh = SubResource( 5 )
material/0 = null

[node name="StaticBody" type="StaticBody" parent="Ground"]

[node name="CollisionShape" type="CollisionShape" parent="Ground/StaticBody"]
shape = SubResource( 6 )

[node name="Generics" type="Spatial" parent="Ground"]

[node name="Scatter3D" type="Spatial" parent="."]
script = ExtResource( 13 )
_scenes = [ ExtResource( 10 ), ExtResource( 14 ) ]

[node name="GenericTree02" parent="Scatter3D" instance=ExtResource( 10 )]
transform = Transform( -0.0377565, 0, 0.999287, 0, 1, 0, -0.999287, 0, -0.0377565, -21.3212, 1.90735e-06, -1.07569 )

[node name="GenericTree03" parent="Scatter3D" instance=ExtResource( 10 )]
transform = Transform( 0.836193, 0, -0.548435, 0, 1, 0, 0.548435, 0, 0.836193, 4.82525, 0, 17.5349 )

[node name="GenericTree04" parent="Scatter3D" instance=ExtResource( 10 )]
transform = Transform( 0.38893, 0, -0.921267, 0, 1, 0, 0.921267, 0, 0.38893, -16.4303, -1.90735e-06, 5.14225 )

[node name="GenericTree05" parent="Scatter3D" instance=ExtResource( 10 )]
transform = Transform( -0.900098, 0, -0.435687, 0, 1, 0, 0.435687, 0, -0.900098, 0.279857, 0, 0.921299 )

[node name="GenericTree06" parent="Scatter3D" instance=ExtResource( 10 )]
transform = Transform( 0.176829, 0, -0.984242, 0, 1, 0, 0.984242, 0, 0.176829, -31.8932, 0, 5.14253 )

[node name="GenericTree13" parent="Scatter3D" instance=ExtResource( 10 )]
transform = Transform( -0.98488, 0, -0.173236, 0, 1, 0, 0.173236, 0, -0.98488, -22.3086, 0, 23.5388 )

[node name="GenericTree14" parent="Scatter3D" instance=ExtResource( 10 )]
transform = Transform( -0.63041, 0, 0.776262, 0, 1, 0, -0.776262, 0, -0.63041, -27.4474, 1.90735e-06, 20.7917 )

[node name="GenericTree15" parent="Scatter3D" instance=ExtResource( 10 )]
transform = Transform( 0.576524, 0, -0.81708, 0, 1, 0, 0.81708, 0, 0.576524, -25.7543, 0, 23.7793 )

[node name="GenericTree16" parent="Scatter3D" instance=ExtResource( 10 )]
transform = Transform( 0.973388, 0, -0.229162, 0, 1, 0, 0.229162, 0, 0.973388, -22.6391, 0, 26.6477 )

[node name="GenericTree07" type="MeshInstance" parent="Scatter3D" instance=ExtResource( 14 )]
transform = Transform( 0.38893, 0, -0.921267, 0, 1, 0, 0.921267, 0, 0.38893, -34.5443, -1.90735e-06, 18.5269 )
mesh = ExtResource( 15 )
material/0 = ExtResource( 12 )

[node name="GenericTree08" type="MeshInstance" parent="Scatter3D" instance=ExtResource( 14 )]
transform = Transform( -0.900098, 0, -0.435687, 0, 1, 0, 0.435687, 0, -0.900098, -20.3067, -1.90735e-06, 28.7472 )
mesh = ExtResource( 15 )
material/0 = ExtResource( 12 )

[node name="GenericTree09" type="MeshInstance" parent="Scatter3D" instance=ExtResource( 14 )]
transform = Transform( 0.176829, 0, -0.984242, 0, 1, 0, 0.984242, 0, 0.176829, -11.5921, 0, 30.0882 )
mesh = ExtResource( 15 )
material/0 = ExtResource( 12 )

[node name="GenericTree10" type="MeshInstance" parent="Scatter3D" instance=ExtResource( 14 )]
transform = Transform( -0.0190541, 0, 0.999818, 0, 1, 0, -0.999818, 0, -0.0190541, -13.7222, 0, 23.3922 )
mesh = ExtResource( 15 )
material/0 = ExtResource( 12 )

[node name="GenericTree11" type="MeshInstance" parent="Scatter3D" instance=ExtResource( 14 )]
transform = Transform( 0.0219387, 0, 0.999759, 0, 1, 0, -0.999759, 0, 0.0219387, -17.3612, 0, 27.0708 )
mesh = ExtResource( 15 )
material/0 = ExtResource( 12 )

[node name="GenericTree12" type="MeshInstance" parent="Scatter3D" instance=ExtResource( 14 )]
transform = Transform( 0.00581781, 0, 0.999983, 0, 1, 0, -0.999983, 0, 0.00581781, 6.5866, -1.90735e-06, 28.5303 )
mesh = ExtResource( 15 )
material/0 = ExtResource( 12 )

[node name="GenericTree17" type="MeshInstance" parent="Scatter3D" instance=ExtResource( 14 )]
transform = Transform( 0.677254, 0, -0.735749, 0, 1, 0, 0.735749, 0, 0.677254, 0.112103, 0, 30.4325 )
mesh = ExtResource( 15 )
material/0 = ExtResource( 12 )

[node name="GenericTree18" type="MeshInstance" parent="Scatter3D" instance=ExtResource( 14 )]
transform = Transform( -0.68904, 0, -0.724723, 0, 1, 0, 0.724723, 0, -0.68904, -4.39198, 0, 32.563 )
mesh = ExtResource( 15 )
material/0 = ExtResource( 12 )

[node name="GenericTree19" type="MeshInstance" parent="Scatter3D" instance=ExtResource( 14 )]
transform = Transform( 0.664583, 0, -0.747215, 0, 1, 0, 0.747215, 0, 0.664583, -8.20656, 0, 32.6127 )
mesh = ExtResource( 15 )
material/0 = ExtResource( 12 )

[node name="GenericTree20" type="MeshInstance" parent="Scatter3D" instance=ExtResource( 14 )]
transform = Transform( -0.98488, 0, -0.173236, 0, 1, 0, 0.173236, 0, -0.98488, 14.9928, 1.90735e-06, 25.2686 )
mesh = ExtResource( 15 )
material/0 = ExtResource( 12 )

[node name="GenericTree21" type="MeshInstance" parent="Scatter3D" instance=ExtResource( 14 )]
transform = Transform( -0.63041, 0, 0.776262, 0, 1, 0, -0.776262, 0, -0.63041, 18.8581, 0, 20.7052 )
mesh = ExtResource( 15 )
material/0 = ExtResource( 12 )

[node name="GenericTree22" type="MeshInstance" parent="Scatter3D" instance=ExtResource( 14 )]
transform = Transform( 0.576524, 0, -0.81708, 0, 1, 0, 0.81708, 0, 0.576524, 21.5863, -1.90735e-06, 17.6424 )
mesh = ExtResource( 15 )
material/0 = ExtResource( 12 )

[node name="GenericTree01" type="MeshInstance" parent="Scatter3D" instance=ExtResource( 10 )]
transform = Transform( 0.973388, 0, -0.229162, 0, 1, 0, 0.229162, 0, 0.973388, -17.9342, 0, 31.2915 )
mesh = ExtResource( 11 )
material/0 = ExtResource( 12 )

[node name="GenericTree23" type="MeshInstance" parent="Scatter3D" instance=ExtResource( 10 )]
transform = Transform( 0.35508, 0, -0.934836, 0, 1, 0, 0.934836, 0, 0.35508, -9.65189, 1.90735e-06, 28.1263 )
mesh = ExtResource( 11 )
material/0 = ExtResource( 12 )

[node name="GenericTree24" type="MeshInstance" parent="Scatter3D" instance=ExtResource( 10 )]
transform = Transform( -0.696623, 0, 0.717437, 0, 1, 0, -0.717437, 0, -0.696623, -3.29874, 1.90735e-06, 28.3016 )
mesh = ExtResource( 11 )
material/0 = ExtResource( 12 )

[node name="GenericTree25" type="MeshInstance" parent="Scatter3D" instance=ExtResource( 10 )]
transform = Transform( -0.217915, 0, -0.975968, 0, 1, 0, 0.975968, 0, -0.217915, 14.6096, 1.90735e-06, 26.2556 )
mesh = ExtResource( 11 )
material/0 = ExtResource( 12 )

[node name="GenericTree26" type="MeshInstance" parent="Scatter3D" instance=ExtResource( 10 )]
transform = Transform( -0.246905, 0, -0.96904, 0, 1, 0, 0.96904, 0, -0.246905, 9.66011, 0, 29.2574 )
mesh = ExtResource( 11 )
material/0 = ExtResource( 12 )

[node name="GenericTree27" type="MeshInstance" parent="Scatter3D" instance=ExtResource( 10 )]
transform = Transform( 0.354503, 0, 0.935055, 0, 1, 0, -0.935055, 0, 0.354503, 2.63574, -1.90735e-06, 31.4263 )
mesh = ExtResource( 11 )
material/0 = ExtResource( 12 )

[node name="GenericTree28" type="MeshInstance" parent="Scatter3D" instance=ExtResource( 10 )]
transform = Transform( -0.874189, 0, 0.485586, 0, 1, 0, -0.485586, 0, -0.874189, 10.6183, -1.90735e-06, 22.5786 )
mesh = ExtResource( 11 )
material/0 = ExtResource( 12 )

[node name="GenericTree29" type="MeshInstance" parent="Scatter3D" instance=ExtResource( 10 )]
transform = Transform( 0.955613, 0, -0.294625, 0, 1, 0, 0.294625, 0, 0.955613, 17.9667, 0, 18.6363 )
mesh = ExtResource( 11 )
material/0 = ExtResource( 12 )

[node name="GenericTree30" type="MeshInstance" parent="Scatter3D" instance=ExtResource( 10 )]
transform = Transform( 0.606729, 0, 0.794909, 0, 1, 0, -0.794909, 0, 0.606729, -23.3484, -3.8147e-06, 11.4932 )
mesh = ExtResource( 11 )
material/0 = ExtResource( 12 )

[node name="GenericTree31" type="MeshInstance" parent="Scatter3D" instance=ExtResource( 10 )]
transform = Transform( 0.948815, 0, -0.315832, 0, 1, 0, 0.315832, 0, 0.948815, -24.4397, -1.90735e-06, 6.7766 )
mesh = ExtResource( 11 )
material/0 = ExtResource( 12 )

[node name="GenericTree32" type="MeshInstance" parent="Scatter3D" instance=ExtResource( 10 )]
transform = Transform( -0.712683, 0, -0.701486, 0, 1, 0, 0.701486, 0, -0.712683, -27.4671, -1.90735e-06, 8.72865 )
mesh = ExtResource( 11 )
material/0 = ExtResource( 12 )

[node name="GenericTree33" type="MeshInstance" parent="Scatter3D" instance=ExtResource( 10 )]
transform = Transform( 0.198927, 0, -0.980014, 0, 1, 0, 0.980014, 0, 0.198927, -25.2583, -3.8147e-06, 15.7339 )
mesh = ExtResource( 11 )
material/0 = ExtResource( 12 )

[node name="GenericTree34" type="MeshInstance" parent="Scatter3D" instance=ExtResource( 10 )]
transform = Transform( -0.25428, 0, -0.967131, 0, 1, 0, 0.967131, 0, -0.25428, -22.7532, -1.90735e-06, 18.279 )
mesh = ExtResource( 11 )
material/0 = ExtResource( 12 )

[node name="GenericTree35" type="MeshInstance" parent="Scatter3D" instance=ExtResource( 10 )]
transform = Transform( -0.396872, 0, -0.917874, 0, 1, 0, 0.917874, 0, -0.396872, -18.2912, 0, 19.1513 )
mesh = ExtResource( 11 )
material/0 = ExtResource( 12 )
